11583
12467
10334
13141
459
1645
188
821
11420
871
10296
12442
11547
294
10551
10821
12893
12796
662
11559
417
976
12379
10258
11792
11754
10145
12918
10774
11838
11957
11489
11319
429
11483
10004
234
12108
208
11933
12135
10990
1368
10523
13037
584
10385
10541
11347
1281
10859
11369
12720
427
151
711
11439
12955
12155
11418
1086
10038
10130
727
11403
422
11321
397
834
12322
10259
11125
11241
10342
10534
12148
10673
13194
11538
10571
10854
637
1221
1092
12821
11147
10219
11258
10268
1099
820
11574
10528
642
1048
590
1595
10363
1721
10426
907
1585
12840
11804
11032
11825
11344
13151
1069
11879
11351
195
10557
11683
10138
11799
918
10176
11357
701
11569
1588
10596
11900
10954
11584
315
1193
213
11432
11729
12249
11631
11279
10942
11585
633
10312
11616
332
12279
13142
1052
10805
11281
11222
11451
12950
10189
10645
11352
10172
12608
156
10071
12187
10937
10891
536
10983
12256
12445
575
1105
12335
558
10161
672
11991
12834
11909
11795
1061
11353
11286
599
11515
247
1571
11475
13109
1513
1644
10500
10022
10182
11463
11070
488
11832
978
278
11970
11659
11426
12321
13181
12703
10646
1013
10254
656
1196
11790
11388
1098
12036
12696
10912
10306
12049
674
11697
11525
11687
11462
10297
11395
1709
12643
11552
12280
10848
10244
11786
11765
11038
389
11159
11678
10536
12504
264
10018
1203
13054
11227
658
763
393
576
815
11520
1200
563
11679
12390
1153
11553
165
13055
10635
11282
10256
222
11800
589
10223
12878
11401
12503
1566
592
11088
11699
1057
12650
10929
1265
12673
11331
12299
10048
12911
11076
11955
495
11371
12662
13127
12826
10888
1111
11783
11997
11348
13117
10012
12136
554
514
12238
11291
10407
10906
12218
10927
11536
12571
11163
12875
11764
12626
12488
1600
11078
652
869
1262
120
13177
12747
11734
579
12844
10111
10340
1124
12641
1224
11709
499
10650
11095
12709
12668
12376
1103
12545
1056
245
11752
10284
11576
11847
12356
11036
10908
11308
1062
684
10047
11105
12718
11265
12644
11474
10660
11280
12768
481
10633
10813
1172
11417
759
13108
11507
10408
1252
1610
1047
706
1605
344
10128
11718
10938
644
11044
12347
12862
11048
12372
12324
11629
10505
10689
11854
10350
702
11301
1040
1213
12870
1180
13212
11311
10887
12159
12160
10238
10608
405
12004
10181
11894
261
989
10165
11717
10040
11254
696
12770
10137
10922
12032
10815
11860
11340
11310
1280
11516
10895
11326
11378
1091
12192
10506
295
1176
11404
216
11582
12786
10260
377
11294
11278
11550
10655
10346
1239
443
10577
11176
11518
11332
811
673
11960
11988
12364
492
12463
12541
11638
10167
11491
10354
10448
1636
11466
1192
11228
10010
11136
10533
10916
11198
10477
11368
11283
12783
11375
10263
183
11817
1064
13190
10235
10212
11888
496
1714
350
489
11831
10514
10755
10078
12797
10594
12318
401
10005
10816
11473
11749
12068
572
13148
1225
12097
10457
10179
11890
10561
11447
10116
11490
255
10496
1329
12460
10058
12015
361
10913
11566
1112
209
11757
1266
10310
10245
10174
343
587
1250
10986
10653
10741
12896
11561
11111
11534
10537
12658
11423
10917
11526
10978
11203
12247
1247
455
11621
1738
543
12482
11476
161
11512
10269
11770
10931
11459
438
11577
11581
12604
634
11167
307
12250
200
10892
12869
13146
11736
1586
12667
10007
991
843
1079
11101
10851
10987
11236
12822
10806
11324
736
825
10746
1449
1584
670
10489
10233
10264
1238
386
10544
11855
11360
10678
12916
10150
1211
1347
10017
10856
902
616
713
1096
12805
11837
12291
612
10104
11172
13145
824
10680
11947
11262
11878
12363
10751
10784
11513
13215
1212
11728
11008
466
11787
1210
325
10203
10765
11719
12043
1304
10054
13048
11614
10026
11329
12965
10276
11212
12712
10424
13025
11022
185
10934
10823
11495
291
11695
11385
10925
242
1388
852
10188
10304
1121
1184
11259
737
930
735
11013
10229
12150
12190
11408
1197
639
11361
336
12873
12047
12515
12085
10648
11056
947
10020
11384
12397
11747
1254
11511
10393
10388
1045
551
10586
588
10656
11952
12694
12157
11130
