11282
12667
11947
592
361
10551
821
1062
209
11357
696
11709
11076
1262
11729
12372
165
12004
11463
11265
12150
11048
10594
11585
11310
12356
10673
11718
576
12279
11332
481
10235
10058
10596
10264
706
11369
978
12571
1048
10137
12747
579
12893
11583
12321
1239
10927
213
1196
12249
459
10895
639
247
11426
350
10784
551
12873
10054
12869
10219
12467
584
976
1103
11078
12911
12918
11451
10188
575
652
10233
10990
11831
634
10145
1566
11837
11752
11291
10165
495
12626
389
536
10167
11552
13215
12870
11825
612
11344
11101
12445
11388
10577
12159
12335
10500
12896
11418
11474
11385
10128
13108
10650
10537
11678
13054
1266
10635
13142
10268
10130
10189
11489
1197
492
264
496
558
291
12097
10245
11222
11754
11614
10937
429
763
1211
11804
12545
10815
10813
10505
12160
10557
11525
10908
12826
10385
10888
12463
815
294
735
1121
11347
12916
10925
12108
543
563
12504
11900
405
10854
10005
11044
11699
10254
11036
10653
11420
10312
1347
662
11577
11894
11056
11038
10212
633
12015
1600
10741
12376
11991
10306
1124
11792
11281
10816
12878
12840
11697
11408
10017
13146
13145
1645
13194
12965
10678
656
1056
11022
11130
644
10150
278
1184
1047
10104
12604
1052
12192
11423
386
10891
11854
642
1105
10751
499
10424
11878
11790
11212
10038
11757
1099
401
12291
11353
1112
11638
12238
11008
10012
12036
11783
11294
12541
489
10426
11070
10954
10755
1281
11960
11439
11559
1388
11378
11491
12318
11695
11348
658
10071
12650
1079
11227
10983
11475
11236
589
12703
11800
10931
11319
1098
12709
10269
11352
12390
11629
11687
10229
397
10238
10010
673
11361
10263
11890
11351
222
10111
377
10922
10296
12148
824
255
188
12822
12503
11787
11136
11909
11566
12805
825
11262
10174
10284
10161
11717
1045
11417
1610
11855
12488
11574
12068
11167
11462
11749
183
10689
11198
811
120
1588
11679
11286
10004
11970
12250
991
12862
12796
12950
11860
1040
12768
11095
427
10297
684
11538
572
11340
10223
514
11616
12770
1192
1738
11569
1584
10805
10942
736
1212
1069
10040
10258
1193
10608
1203
12280
12155
466
10534
234
12694
1096
1210
599
13212
12135
10007
11582
759
10856
185
422
10026
10176
13037
11088
11360
10276
11279
11952
907
702
10304
590
12718
11283
12482
10851
10987
11401
10646
12696
10916
344
242
156
711
11988
11526
11311
1449
10821
1224
10172
10536
12875
11786
13177
727
11395
10018
11513
1238
1221
11278
12322
12047
11459
1180
10938
11516
11473
1595
11371
13127
737
12049
10244
1172
11331
10350
13148
11384
10848
295
12821
151
10259
11507
12643
843
10393
11495
1586
332
11375
11176
11172
10138
10571
1571
11490
11799
11321
12397
1644
1329
10496
11747
10660
10913
670
10934
12032
12247
13025
10648
10544
1176
11553
11520
11368
11258
10346
11576
1585
1721
11163
11308
12641
443
11511
10917
336
10655
195
10181
1153
11147
674
1092
11228
1213
1714
10823
10633
315
1247
10354
11879
1111
11734
12662
455
1265
10656
11795
11466
616
701
1086
871
11955
12844
852
10645
1368
11584
13141
12797
1636
10182
10892
12834
161
10887
11259
13151
1064
245
11404
11483
325
10078
11997
10541
11933
11301
989
216
10407
12256
10048
1280
13190
713
12187
1091
869
10906
11736
11764
12442
12783
11621
438
11561
11581
11832
11324
10363
13181
13048
12460
10806
1200
11518
12324
10986
12673
12720
930
10179
10978
13117
12364
1254
11631
488
10342
11111
1709
11326
10859
11032
11547
11013
11534
11536
11770
587
12043
11241
10334
11125
10533
11432
10388
12786
12608
820
11847
11683
12299
11728
10912
10260
10774
10514
10047
1061
10457
307
10523
918
208
588
1605
10408
11254
1304
11203
12644
13055
834
637
12379
11957
12136
393
11403
10506
11476
10203
10116
1513
200
11447
11329
10340
10448
10310
554
417
11838
10477
12218
261
1250
10746
11515
1057
11512
11888
13109
11659
11280
1225
11105
10765
343
10929
12363
10680
10022
12668
902
12712
1252
672
10489
1013
11765
10561
11817
10586
11719
12347
12085
10020
11550
10256
11159
947
10528
12955
12157
12515
12658
12190
