11069 //DP related to Combinatorics *
11094 //Flood Fill
11492 //Dijkstra, montar grafo de palvras e nao idiomas. Palavra pode ser uma string igual ao idioma *
10042 //Crivo, Fatoracao, isPrime, bruteForce
11264 //Gredy com safadeza
11221 //Palindrome AdHoc Implementation
193   //Brute force, Weak tests case
11695 ------ nao consegui
11517 //soh passa bottom up
11284 //TSP, entrada double mult por 100, ans/=100
793   //Union-Find, input chato
10107 //nth_element()
11057 //binary search - ou map pra facilitar
403
11849 //map ou set
452   //dfs toposort
334   //small input, O(n³) (só deu pra saber lendo o livro :: o problema n da tam da entrada)
382   //brute force
10337 //dp - bacaninha
11060 //toposort
10341 //busca bin
11380 //flow com peso no vertice :: aprendi dinic!!!
11906 //dfs padrao, corner cases, enunciado ruim
11634 //simulacao padrao, set ou unordered
104   //floyd warshall com 1 estado a mais de numero de passos
872   //backtracking + toposort
325   -- upsolving
11138 //maximum matching - dinic
1266  -- upsolving
10213 -- upsolving
10192 // ACX dp
10449
494
11597
11635
11858
10058
11581
551
11466
11391
1262
10600
526
11610
11378
11718
10182
11195
11310
10718
732
11136
11236
10637
10596
11231
524
439
11292
11344
10327
11576
11401
11723
10507
11408
11385
12397
441
11991
10350
12160
11526
11235
907
259
10916
11278
10264
10812
10660
10557
1103
11631
673
11504
10459
12125
941
623
247
10851
10312
10017
10773
11933
120
1121
10699
10901
11167
1242
11456
11319
11957
11324
11489
10635
10179
10616
10954
1252
10334
10827
924
10090
12405
11875
11817
11512
11538
612
10983
10309
10316
10172
599
554
10203
10219
10541
11516
1238
12455
11926
481
10653
10717
11254
10855
146
11176
11034
10891
10496
10338
10110
12036
10913
10038
10245
10759
294
11988
11198
108
10078
11138
374
10892
10258
10233
11566
11105
11572
558
10171
11476
10243
10268
10784
11503
10296
10369
11301
514
1347
11357
622
976
11953
11574
10491
10755
11947
10319
10139
11995
10680
10104
11351
11203
10931
11111
10298
10990
1047
10010
357
10305
516
1231
11474
11065
12004
11022
11616
10226
10655
11643
11525
429
344
1184
796
10012
11228
10054
11048
11462
535
543
727
10689
10137
314
820
10943
10656
350
10976
11151
11242
11340
10176
644
575
10401
927
10518
1203
11227
1056
11951
978
10102
10801
11053
616
10819
11413
443
10895
11262
10911
10765
10940
11159
488
10111
10539
10746
11838
12356
12238
264
10805
10720
10738
10048
701
10751
10408
1040
12442
11728
10986
10771
11838
216
10567
11157
11475
11107
377
1220
1225
563
929
10181
295
1211
821
11463
763
11486
12159
10878
11506
11311
10161
1112
10252
11487
10800
12192
10673
1096
422
11291
12155
735
183
10920
12210
11719
11100
11847
11827
10586
902
11056
11889
10393
11960
11101
324
10285
760
12047
416
10774
11283
10407
498
315
11439
11329
985
588
11130
11878
10854
1092
1099
10938
11553
11955
11697
10346
10888
1062
10007
11565
583
10306
10004
988
1172
11452
10721
10394
11286
11405
11371
10140
12032
11080
10906
1201
1098
348
11258
11212
10212
991
11536
11790
11167
11389
11396
10349
11747
